,0,1,2,3,4,5,6,7
0,1.0,0.3016851075145748,0.32578664136364954,0.06547194229510453,0.07444787045132309,0.08351680819265044,0.24632508799083622,0.16032833960024345
1,0.3016851075145748,1.0,0.2968849089592694,0.07383248314831314,0.06905778358559274,0.05811028503337027,0.22230714658565823,0.13157595345086345
2,0.32578664136364954,0.2968849089592694,1.0,0.06254223272030668,0.07390040931293414,0.051801327632907034,0.09288856345279733,0.13833486866725944
3,0.06547194229510453,0.07383248314831314,0.06254223272030668,1.0,0.2426543449372421,0.1975129413655471,0.07468064960356847,0.06661738020130506
4,0.07444787045132309,0.06905778358559274,0.07390040931293414,0.2426543449372421,1.0,0.15629542228960644,0.06098303339075452,0.05846856713864429
5,0.08351680819265044,0.05811028503337027,0.051801327632907034,0.1975129413655471,0.15629542228960644,1.0,0.07471488705396938,0.05279660965308767
6,0.24632508799083622,0.22230714658565823,0.09288856345279733,0.07468064960356847,0.06098303339075452,0.07471488705396938,1.0,0.300393314287307
7,0.16032833960024345,0.13157595345086345,0.13833486866725944,0.06661738020130506,0.05846856713864429,0.05279660965308767,0.300393314287307,1.0
