,0,1,2,3,4,5,6,7,8,9,10,11,12,13,14,15,16,17,18,19,20,21,22,23,24,25,26,27,28,29,30,31,32,33,34,35,36,37,38,39,40,41,42,43,44,45,46,47,48,49,50,51,52,53,54,55,56,57,58,59,60,61,62,63,64,65,66,67,68,69,70,71,72,73,74,75,76,77,78,79,80,81,82,83,84,85,86,87,88,89,90
0,1.0,0.2655127222183744,0.13694321207581253,0.1595584886515804,0.1056659884723048,0.06998855827934035,0.1992436371385692,0.12133209961752081,0.0451244931396369,0.07439580279180645,0.08340042383286901,0.06859564696861187,0.10604611567895966,0.055850917327013576,0.1377673908847537,0.07908521641189527,0.09343647072378174,0.07041116723824647,0.07153540034870816,0.0741694301929732,0.13572041062118242,0.09004891126120747,0.09875626066911457,0.08560953978320221,0.08779026965691364,0.11750213479578318,0.051139348946661,0.06740999004783513,0.07568996584289207,0.08040084520589048,0.05322062719030717,0.1194415430945435,0.06988528557722959,0.1192090564408404,0.07451188655232056,0.06669289682346607,0.12780891498978805,0.14140199581781204,0.08862777593318907,0.1083247734578901,0.13091902153642573,0.14422018178555723,0.049509339782877936,0.09215999152418382,0.05141677433448667,0.056560694212779476,0.15977681279724118,0.12196736107740093,0.05421178591464464,0.08056672371176704,0.10685659714221861,0.048537449795583984,0.06550366371952561,0.10188006402740933,0.057493449933569175,0.07710980166540539,0.08995953804661612,0.12125153684086909,0.0648204784331614,0.12107951996314298,0.08506032373031489,0.0712284596660441,0.07628969125602025,0.18087773030637513,0.07174237972771459,0.05561678796264478,0.08016644318694988,0.12068049584460434,0.09771603159393424,0.11631001593111466,0.09020817275854913,0.07698960547367567,0.07913744448703927,0.1072309610592292,0.10377231250463088,0.047712536952239704,0.09365564161449275,0.06306571441243036,0.10164715568953786,0.12127091743097025,0.03898483848970564,0.07174863836953466,0.09475371852279468,0.09734176855512085,0.0729031510827482,0.10073292133377668,0.11605291901019836,0.045554954607144475,0.11218277608122927,0.06330891736500831,0.09411558048918665
1,0.2655127222183744,1.0,0.6046805056545941,0.4263481113279425,0.37146676073322993,0.3311512087855951,0.4259919115318111,0.2766588950053304,0.2661050356137683,0.340523541647118,0.21932420170156525,0.2275649519196783,0.22618711908708042,0.49544695956587714,0.5843836298401595,0.5515844727685851,0.48576739795524976,0.4641219014766669,0.40249733636919827,0.4898289753854494,0.42486387446206436,0.5373223431525674,0.43658734378724634,0.3865418060256633,0.4922898289060761,0.37811475983803355,0.3367141791720608,0.4080343503134663,0.27985851927540417,0.3355453577015668,0.27560007445018275,0.3452928142409235,0.35749048996054117,0.3326641456338688,0.19440949700237087,0.3065188394640604,0.46264337874567,0.3623156550245202,0.29612420857185723,0.2866386345454373,0.31811082004823416,0.29978540413178617,0.33198635844931723,0.21440421796641,0.2968102392149099,0.2737719196788929,0.5506245248712313,0.33542764575459755,0.38499393481809013,0.29744543759950653,0.21770212759856836,0.2931294215362125,0.28263210250209214,0.2611537354870402,0.33079226236140225,0.33987382819742024,0.39491017207746326,0.3280097332860474,0.31183480159036064,0.3227697448447127,0.2869805906516753,0.23586682226684405,0.28987603462699874,0.6298935140154487,0.324590399785013,0.32967923480915773,0.3740240369079331,0.26828316266089985,0.2747949590452807,0.28012165045795734,0.32688760410960604,0.42888734699549774,0.3649931709438485,0.2773792114438535,0.21215147689684988,0.2760870797759824,0.3729131104757101,0.4076293697181487,0.27295489347271046,0.306066366808267,0.26986706247193665,0.4539678003093212,0.3408532590648627,0.27692971469945293,0.31481894526746995,0.27919752747294135,0.29051686192085213,0.3024257764106788,0.2921577907812013,0.33033027453583025,0.3377417576201811
2,0.13694321207581253,0.6046805056545941,1.0,0.23948992540374708,0.2810907930338035,0.2129115728881159,0.23670346404148684,0.21021141250374806,0.3020690309737585,0.2658137027785687,0.4480377465641507,0.12270894175016744,0.19006618378489376,0.2846320552267194,0.4136742332526296,0.2514590700253004,0.24392366146519065,0.2160784958319694,0.14891590618061948,0.22798759011397735,0.265638266013233,0.3790107668940592,0.26712365601767396,0.15914453814896343,0.326529180447141,0.2688102353963518,0.20496395098228498,0.30029995611161187,0.187313450059217,0.3338047351487888,0.15854756558264488,0.24434771139209116,0.35130880726883507,0.24318216467281237,0.0690213069192043,0.2281308767779188,0.3601427252691124,0.21781069020875415,0.29687231270144915,0.19686549870123335,0.22952699905177784,0.22909545551942945,0.2990269407024366,0.08212047544414235,0.1889950986842472,0.18867013664496,0.4068257217839039,0.25689171995532567,0.23287273282033394,0.14693155908909747,0.132000495874345,0.2255603095786485,0.16924964906497902,0.2000791998504285,0.2769658606554304,0.28365129139348233,0.28145508932068697,0.1620970946796516,0.2912074649850851,0.21736812693049448,0.23448989096294853,0.10065157216337708,0.18303982930729276,0.455610648206119,0.2359306724026549,0.2806473433326449,0.25754580701287916,0.15313026883051215,0.14759276249179853,0.17912421720553404,0.2303675439431264,0.3448667572868712,0.2803006873763586,0.14910489821903777,0.09529935103558582,0.14844586244837638,0.35649475945128484,0.38949033846313413,0.18093422853069427,0.15992978824599105,0.1933748115175806,0.3717299742105567,0.21200797897566948,0.20251007163855528,0.16935607473375697,0.21469422258101403,0.14915586278500426,0.1793210973296679,0.1261755015040739,0.26801069019841595,0.2771754142530891
3,0.1595584886515804,0.4263481113279425,0.23948992540374708,1.0,0.4400710441510417,0.19694487976222355,0.19437132545985708,0.19617442131886492,0.2457817084266165,0.15367784061827464,0.1580717788805446,0.21962605450311035,0.1603739035462829,0.19405988674467164,0.35892867786120297,0.3165745693052818,0.4062723876740466,0.21224311090729173,0.44127602876256133,0.2539562295850923,0.4371279462460237,0.21609461503036695,0.409180200164428,0.3776081494284349,0.19609699724673818,0.16356222201154275,0.20843235675643423,0.2806934625056318,0.2513657436384708,0.22283854288297633,0.33450821264334357,0.23263412854314908,0.2364461991895049,0.30758907723587214,0.2729628444807794,0.2746503877337376,0.24417743035076275,0.287247125005088,0.17692600046581228,0.25432655809236676,0.16210302074131552,0.30320844896949045,0.17515861639660119,0.27863375558352294,0.2052386974609302,0.18514258633718636,0.27229774754370173,0.19120591000659856,0.23417439288119948,0.23450498729926905,0.2772389883158474,0.26769572496974087,0.22203432161808948,0.2698260131105688,0.17450066361968555,0.1417738569483861,0.33612763864935297,0.19372484917170643,0.28457851586276073,0.16966404339490318,0.29144709652248996,0.19621125197215367,0.23310680117866878,0.29649465359695965,0.20984245512952637,0.26366692669251746,0.2803713287693146,0.18284981095386937,0.344885358692287,0.16915055725053207,0.13240064133239626,0.2875291537142298,0.220674164354508,0.3453132253173649,0.19640371015088354,0.253755415436277,0.22163028924636913,0.21409737024285558,0.22680631102791507,0.28608279548632165,0.15487652367537055,0.14939906065110067,0.27342074605766437,0.17627562870566985,0.23934290271991834,0.16549438441088157,0.24632477145556028,0.1727690890094904,0.1998060159030837,0.19601930053122749,0.15521786872671056
4,0.1056659884723048,0.37146676073322993,0.2810907930338035,0.4400710441510417,1.0,0.1610716541153712,0.3412336252582106,0.30893784658149487,0.2418353364653866,0.12894646939327445,0.22144084597085562,0.41766568048505864,0.162280090505199,0.14259525615209862,0.32073650993525427,0.3770827918925774,0.44316307955098566,0.2721856817391425,0.5589257786079521,0.27446045230322397,0.36839475411436434,0.19271399597757938,0.368098661673389,0.4887117723156474,0.17878728434243624,0.1725999934276414,0.2369445521743376,0.46611804204545976,0.32008525509760904,0.4252975261540701,0.41569056051851566,0.24913380283597714,0.2434683477369448,0.26369152284944725,0.4368519444362703,0.3894691394035623,0.19208883086675618,0.33239404332398415,0.3053123053803571,0.29439377986661797,0.2685588777109217,0.3477102227225598,0.16673376547140337,0.30500546893635716,0.2224877528835243,0.18766408973989324,0.31584219065509034,0.232062538325633,0.24893249384472416,0.32187746453990707,0.36131075544794145,0.271993910236346,0.2248676468509745,0.29870391559797865,0.20936247817307618,0.14477922696856066,0.3232760138668521,0.21372587161495138,0.29860991454350677,0.14819109239478928,0.3034821924730577,0.30417527925203053,0.23700717009554612,0.2436179440030225,0.1991245237650673,0.34423223179885043,0.3145391078552514,0.2909443143938824,0.5764699135331985,0.2551535803015488,0.13371307929430115,0.29989521554774307,0.22173610456568071,0.3526072053837586,0.31084194452668784,0.31307184607877353,0.22951481939432036,0.1896301046932487,0.38157318892365666,0.30808192756898156,0.14568131727843783,0.14052899754931827,0.27985838341197566,0.27043073579290616,0.26326791251338766,0.16443954593470744,0.27506287177245164,0.16669228956337498,0.30247345911864815,0.18029489145059385,0.12104168534362283
5,0.06998855827934035,0.3311512087855951,0.2129115728881159,0.19694487976222355,0.1610716541153712,1.0,0.12721014791116897,0.20390763335876616,0.12808420333181533,0.2228571955175096,0.1274502525705136,0.1299399598659204,0.11788963468457919,0.22775857723629958,0.3068764944937672,0.3402604748521197,0.31900406368280637,0.24046828672403198,0.2605422162222366,0.37753841277708444,0.3117992840704554,0.30452083312913736,0.32328058643556673,0.2774160748393425,0.3418517312567626,0.18475858768603198,0.15187938327816208,0.2576362502303247,0.16363471826840173,0.19264724400706612,0.16223425932499977,0.20550376129688133,0.16363877019225576,0.1744823333277029,0.13125484455292563,0.1807065489113821,0.1502803963674182,0.18628300432605632,0.23587790692242513,0.16406625166582076,0.17058627808576918,0.1851331950623641,0.17978661749042152,0.16074726000204054,0.1727181125818459,0.1749336565868171,0.2179182514989691,0.163453304311732,0.19759846050947313,0.18264238795710788,0.19805668043284477,0.16378847715889508,0.17952178123445167,0.1477384395269768,0.18889156886900305,0.14415441860161726,0.23385084822312766,0.20312621785543913,0.18115623804582895,0.16835228749947992,0.1564449688457921,0.1452417100174239,0.1592011362254684,0.22293305390280002,0.19251063097781068,0.1981344620603297,0.19472796322514951,0.15043173651816016,0.12822328295847962,0.17676069265969305,0.14698318195034768,0.1965771474246107,0.1863634621764298,0.16685266734289048,0.14061732198200796,0.1551636819292644,0.11738625976988995,0.1607886417008092,0.16970552183516813,0.17937744295037797,0.19301192304058512,0.10950299015249622,0.16885644684682816,0.12757716954972043,0.19869368494349487,0.1171367846133894,0.1365850453030775,0.16055406468454855,0.1034333368449014,0.14597786970799503,0.11413942623904987
6,0.1992436371385692,0.4259919115318111,0.23670346404148684,0.19437132545985708,0.3412336252582106,0.12721014791116897,1.0,0.25602850397611,0.20802827049953415,0.13591252310076893,0.24770649216698817,0.44939268604002713,0.1602794572217226,0.2622229359575603,0.3482841068967843,0.3947757524106609,0.6360916350881257,0.3274797971203829,0.6947854045660367,0.40561707004625924,0.5435737622561294,0.3953817504666609,0.6101904860714266,0.6801217749155866,0.35194389625528116,0.1321580653850172,0.14997597004386276,0.3522376006361897,0.17768581041835735,0.29693190644192036,0.45567710668231276,0.24889859478223544,0.33073565102629027,0.32493780135089656,0.3273960370608603,0.4513152364758568,0.2799504500583273,0.17904792850215248,0.19523891715774475,0.53315250369389,0.2526358902285886,0.33969951254958625,0.17807564524655053,0.3713744757694968,0.26906202128856394,0.23347459520324862,0.21989842483432895,0.15768660846613444,0.32373907010350506,0.4104175273683624,0.13808313132073344,0.29562588526147837,0.30535377985360285,0.3131558116170884,0.14907269415272337,0.10919330406314307,0.2506978156487869,0.192446189270073,0.3127020274500149,0.27388964080603273,0.39289795001322825,0.3742687945987826,0.18385637366890317,0.27752492369270776,0.19059820777079814,0.2195338395873794,0.2502918514053122,0.3511500187297524,0.4032393045977843,0.13895250629582437,0.11782456694142208,0.20650903490922962,0.16887882904983512,0.39967662060497766,0.21279391658646304,0.32227639975131417,0.13869672681904185,0.14991491641772825,0.23072791814967344,0.4989256518037334,0.1918146014980396,0.17562635508294847,0.23913028239602838,0.3790631617959381,0.25367326391437345,0.14828921229315697,0.3224295956895091,0.14136011528726922,0.23118758183095303,0.10721145820744384,0.08646828292830334
7,0.12133209961752081,0.2766588950053304,0.21021141250374806,0.19617442131886492,0.30893784658149487,0.20390763335876616,0.25602850397611,1.0,0.18876800476761263,0.18717617755342758,0.10043438105451734,0.1268754245234902,0.2336372794830715,0.05601218233477429,0.150296502366226,0.12986764342506985,0.13199030263241748,0.14856609331113063,0.09684219207786611,0.19125349476717468,0.10899482575692389,0.2364420610289465,0.11096274336794287,0.1048638211122937,0.1883052677744243,0.11631908549685241,0.11674549653314219,0.15156463150814212,0.10582800246648111,0.1642761639543657,0.11951990256609694,0.16911212196729786,0.13601443579242195,0.1521867533781961,0.09565957587757062,0.12445540558168722,0.12854441141186077,0.12189561220414376,0.110038306321158,0.11391973144329255,0.29079316531961336,0.12594358231246885,0.17003626315763284,0.10525054173489122,0.13486918477041762,0.12634418736839306,0.20336628487745026,0.17568490221975128,0.13667805222414867,0.13368204468087552,0.13511327329568956,0.12504429284395965,0.22954486466669932,0.1168193734273456,0.18962366261820054,0.08529520318893002,0.12313703112548875,0.17604087974449198,0.1543819365038827,0.19453669299897458,0.1994206376806567,0.12081439260269516,0.11458597522022256,0.20728289438669928,0.14139746425703342,0.09013569156487039,0.1603704302519561,0.19212876329526174,0.15927277091418038,0.15747285793992433,0.1344264028780096,0.1816029358174906,0.1736220588799109,0.16866662967221488,0.09197533059884937,0.11235477037135962,0.10003788909308654,0.15191668422464058,0.16212590690230824,0.2288802463634755,0.14308062154955073,0.1547034801832126,0.13771460599836993,0.12800463399321657,0.12316128194974055,0.0796271623064204,0.11662119397426869,0.11379446922701651,0.07787014162607002,0.14698588620183498,0.1292839842673695
8,0.0451244931396369,0.2661050356137683,0.3020690309737585,0.2457817084266165,0.2418353364653866,0.12808420333181533,0.20802827049953415,0.18876800476761263,1.0,0.24369983595788378,0.4162222817980433,0.2532726785450806,0.08077150635904563,0.11186618275445466,0.17522713894419795,0.19121558560804605,0.24027111787133998,0.13079409993758953,0.2633269471633564,0.1500516275020868,0.2563083354626981,0.14707088535081878,0.26151323487780076,0.23621968337761667,0.10303621496393545,0.1991612709007121,0.1402447329219745,0.1937473588810503,0.17947779647617082,0.22475293840294397,0.1967894444857432,0.21522323827355455,0.22091416248538434,0.20554299802338125,0.21896500649845246,0.19209008613581444,0.10888389571915899,0.1725355969130144,0.16979426507250836,0.2057875610905771,0.13906803053478486,0.22621042924440019,0.1370588938596418,0.216366489281908,0.16258513073467235,0.14902217464798073,0.18635337597041024,0.14746719979752168,0.2831799806574925,0.2949005122556698,0.21229740438763595,0.3199243365733974,0.30688243458529224,0.25306032874847606,0.12466390801722652,0.10583615458545044,0.1767652373451056,0.15520987876392972,0.5485824307798164,0.09818947909349712,0.606618957734674,0.18343053340419033,0.19009447539335544,0.2032398316109973,0.11475635541714556,0.5212167242153036,0.22206391021585217,0.2905010424462923,0.23711630800730876,0.11869429356796601,0.07256859305640305,0.19325926727842957,0.15519954164759242,0.3726756923426297,0.15502995088557028,0.1613518958666433,0.16367193307021047,0.12853830915610345,0.1845123562272885,0.1837150118053325,0.09400709294518043,0.08864308544621576,0.1450802357985843,0.18071570392861688,0.16442441500112223,0.13341404093405992,0.15979743566676083,0.10376606889648143,0.1559620005429317,0.11980390925284116,0.06581029778237053
9,0.07439580279180645,0.340523541647118,0.2658137027785687,0.15367784061827464,0.12894646939327445,0.2228571955175096,0.13591252310076893,0.18717617755342758,0.24369983595788378,1.0,0.35367860094528325,0.11995905365989272,0.17373813866005522,0.13083962975226113,0.15764281037735425,0.15801031857075618,0.13436196398396916,0.16537513695059622,0.10781012557639552,0.14502880368068785,0.16086867317372483,0.227215220755914,0.1591830882483888,0.11334478273733598,0.15200299384183272,0.19627881005627532,0.11494759901550694,0.19591701237651982,0.14933421852860507,0.18944925149406425,0.10026633347599508,0.1416556185217327,0.184593945547685,0.1749131818641185,0.0959375373949041,0.1294976958412999,0.10680432415891743,0.11367496834074575,0.17852191897745687,0.13230985484390326,0.1378389637280808,0.19623776893412073,0.18401835071828565,0.11859587148274132,0.14962528129049618,0.13158027984241916,0.1766642106022993,0.14185435545555328,0.1946760315559743,0.12596476601911547,0.10088518243071365,0.1357515802505653,0.13703386547196136,0.11858432971503809,0.15478385750299906,0.13385066009100852,0.09148720363380174,0.1330798149701653,0.17680814512941678,0.17703162370678804,0.19317182051371373,0.09590533601027867,0.13336821484979758,0.1996852229088567,0.11182435418079863,0.14112720442012774,0.19242733109112864,0.19440875951190606,0.08805736638381557,0.12046759428171394,0.11573473170220189,0.15304244673627138,0.15797367524495284,0.13713759887754148,0.10275044840241743,0.11143525403340632,0.13082164208196506,0.17039461573406478,0.12728605624175005,0.09102012751898733,0.12557519291334895,0.13553327497959283,0.1158962234748521,0.11252345622969837,0.1357399632946512,0.112133055122771,0.10353073999587106,0.13015651274948242,0.08440439408582616,0.12430033494012892,0.10506800074911485
10,0.08340042383286901,0.21932420170156525,0.4480377465641507,0.1580717788805446,0.22144084597085562,0.1274502525705136,0.24770649216698817,0.10043438105451734,0.4162222817980433,0.35367860094528325,1.0,0.2307941617588738,0.11105915782135009,0.16507857257262895,0.22150816780186078,0.15457177912682293,0.21072312796607562,0.1050708451221344,0.24906439152787638,0.1083570541973916,0.17666723912063104,0.15169251217769336,0.21433410347327675,0.2581836029028915,0.14492526080058465,0.1820330225612447,0.11693234437973632,0.17208683305422573,0.13752136609418908,0.265061664567119,0.19090372069464726,0.20293427938793077,0.13678197978397133,0.14836666299285847,0.23741511777205596,0.19747378585613548,0.1265815071105937,0.12857892460895595,0.2900348430643227,0.16856339864075048,0.0923833608294344,0.1665427232375208,0.1284573634598442,0.17948557433331525,0.10776612452006766,0.11145010595537524,0.14488299445871153,0.10827592483061216,0.1381786634942432,0.21787899338032982,0.13314957671924232,0.2764236499366271,0.28302352424775046,0.17333278952595182,0.13650035320545073,0.060296709160527526,0.10789582695759249,0.07052973484091835,0.43293727192599757,0.08593068578356285,0.3957149734247074,0.15498944081025653,0.10653700585006738,0.13307565608306013,0.09882086148801189,0.3254929516283557,0.12011887966356957,0.17693641980689434,0.24297397710047205,0.09369270328129954,0.10744570970685462,0.12605505542195627,0.0853559447314759,0.21461749762305019,0.12605258012601883,0.11486768781293631,0.10604377166713536,0.15755134648179553,0.2688198389417766,0.13936513156552047,0.07117662080143669,0.09718956513579197,0.14030400319539094,0.13301428951570746,0.101689197464657,0.10294141772389552,0.12097924818205166,0.07205380069630457,0.08280608583964451,0.10318506514427099,0.095898315481232
11,0.06859564696861187,0.2275649519196783,0.12270894175016744,0.21962605450311035,0.41766568048505864,0.1299399598659204,0.44939268604002713,0.1268754245234902,0.2532726785450806,0.11995905365989272,0.2307941617588738,1.0,0.21322938435619532,0.09243663953564453,0.18315302068113928,0.21122067620215076,0.37200817158535804,0.1791841480804078,0.3496306915490714,0.2576156324583313,0.3317101637403796,0.24678850448777903,0.3309345054815661,0.38320077349843346,0.16044391159319565,0.1207249235369299,0.13448547403397554,0.19058824951898265,0.17154958305078893,0.20810782768300906,0.22888623487756535,0.210891608333838,0.217488355826189,0.19624576538619232,0.2362334603802602,0.25828608966143574,0.1507139514281598,0.18366893582266863,0.17971726811530148,0.3319873640571363,0.1873631401040487,0.21554216761415426,0.16944103948790737,0.258356408724305,0.1807699965522158,0.1829887292968365,0.20831057313102505,0.14416337915760166,0.24366829760025854,0.293813891573653,0.21854736344192577,0.24092693184792968,0.2347576032667407,0.22984697976586543,0.12785131593282914,0.11489393887339044,0.19215039676486315,0.1532692183323395,0.2619674711577262,0.1973179482369849,0.28786070880767417,0.2020708500894224,0.1609750645608704,0.19739006971532477,0.12508358733366923,0.20536251894922286,0.18844204433490416,0.3357549799045369,0.42589532714021,0.1535798517971679,0.0979553458925941,0.20896669741847024,0.13361358393329956,0.2774605401966624,0.17338080654062332,0.18144773414532553,0.12979007299735013,0.14412142441951378,0.2621869532666101,0.3989794940786274,0.12987940173693827,0.08099013819817036,0.17859823601941466,0.26942126497292723,0.1783348499343964,0.11248792327985896,0.21672834203615804,0.11247927873459984,0.16036542228950895,0.10771930927511629,0.06132738059486575
12,0.10604611567895966,0.22618711908708042,0.19006618378489376,0.1603739035462829,0.162280090505199,0.11788963468457919,0.1602794572217226,0.2336372794830715,0.08077150635904563,0.17373813866005522,0.11105915782135009,0.21322938435619532,1.0,0.05812118987872412,0.10838634054092328,0.05312146862769129,0.0998659397454436,0.09665221183924405,0.07209755539803274,0.10946887156483369,0.055692702579932016,0.16050531719213168,0.07241564344754413,0.07788039780717695,0.17800045814243534,0.08225792176464428,0.08596068923118337,0.09548624987190404,0.06532764309315535,0.10524534248906887,0.07766058976944079,0.11437580637335214,0.09437327492888464,0.11963473606348128,0.04540422668122432,0.13021788795412767,0.11565215192114997,0.07442724601254887,0.10162477439334038,0.09587269367781827,0.13346829712163358,0.08505275288815127,0.13786028591775482,0.06851506663151026,0.10344977916947379,0.1111776516563609,0.13274893454105519,0.1027174297297517,0.07458606684124917,0.08762199781142944,0.06461771478165429,0.07504534480940982,0.08901787067588637,0.06557284854566527,0.1609770751692912,0.0705487633191865,0.11112563213414928,0.15326153909143025,0.06866004747423522,0.1415117775975414,0.06872252015523922,0.10000717246267357,0.13659053573263455,0.1634697753304216,0.0872990506189985,0.10264714257071365,0.10303625401649318,0.0971687507119954,0.10920689967641498,0.16042120542776217,0.09647041259470931,0.12196538196534934,0.12173822087493155,0.08930860887226508,0.05955510632938445,0.10173440464634925,0.07394960302459791,0.13445939301053597,0.06632117189617956,0.16856619939162842,0.12743650485345326,0.12354473975057656,0.08728420178989514,0.0870837992644438,0.11643621650454951,0.06024580139532962,0.06878672991551199,0.12317233650889353,0.05991187857247136,0.1341676929779576,0.1420982025847844
13,0.055850917327013576,0.49544695956587714,0.2846320552267194,0.19405988674467164,0.14259525615209862,0.22775857723629958,0.2622229359575603,0.05601218233477429,0.11186618275445466,0.13083962975226113,0.16507857257262895,0.09243663953564453,0.05812118987872412,1.0,0.6045204447774005,0.5449490317287664,0.4201788069080181,0.4455795407235771,0.3462285322510465,0.41702657914274127,0.3943649028834497,0.4169787691142689,0.36503419127777437,0.33060392755810986,0.3830717649715078,0.537927494915519,0.3364141226672252,0.31801137688363285,0.23804732995045655,0.22548869455608828,0.21528641212363603,0.22771945972217578,0.23880992423631123,0.19605977228566823,0.13497510091528442,0.18873867619798892,0.5808961867119729,0.30317767266760604,0.24777868814136741,0.21005238897183698,0.1922020956338416,0.20505975583746164,0.19941754836956171,0.1539759720903034,0.17636530904358202,0.15867578582842035,0.45439182118348126,0.25600205869039316,0.2695568536156717,0.2187206877651107,0.16975786554280517,0.20919340375065842,0.16385606524243915,0.1615710511120759,0.19953609825655272,0.5111619905142635,0.28711955456746435,0.2538565666832456,0.22788467633840975,0.21329431094607174,0.17851549488884189,0.16766090198452252,0.2041494878405491,0.4425628867485849,0.28648566713554324,0.27279112785166526,0.24349475818831393,0.1584546928411832,0.17407658318203695,0.17378618533767648,0.47939561201211617,0.27942912143629356,0.2754296325931918,0.20574457330379695,0.16000428796985725,0.20051006166535168,0.4842997654444691,0.2972983098035413,0.22450868393107698,0.22312132331787132,0.19369408561478788,0.5736611969063885,0.2466765244093002,0.2361158060173786,0.22803886410206878,0.42467710039388207,0.2471194826197258,0.24870592850953707,0.4138607637503027,0.27146918378750673,0.4768714144459375
14,0.1377673908847537,0.5843836298401595,0.4136742332526296,0.35892867786120297,0.32073650993525427,0.3068764944937672,0.3482841068967843,0.150296502366226,0.17522713894419795,0.15764281037735425,0.22150816780186078,0.18315302068113928,0.10838634054092328,0.6045204447774005,1.0,0.6558838624193164,0.5622163513850147,0.607033661102172,0.4445553842245649,0.5649732430512368,0.6311468754157061,0.5781534518938456,0.5923209883099272,0.4677880579295532,0.49964868811866187,0.6491559320002019,0.5630489894686287,0.4056872992727287,0.3657281315087801,0.32920732224518984,0.31038954639719013,0.36216927808954064,0.3731337599627221,0.3808953974275857,0.27173275558587967,0.3188137178006564,0.42066412920414326,0.571378985423833,0.34921568157388305,0.3048993295157106,0.3046930942553864,0.3501600842850105,0.33224567187701115,0.3470126637718239,0.2910209297799101,0.2933277108869638,0.4195880625542832,0.5356113384352466,0.3580565806806077,0.32825343838961,0.3455800691634331,0.3279507777572483,0.3145335288272373,0.3513514975724919,0.2910456187590656,0.35185119917629426,0.5424718081329686,0.3363421434098875,0.3804917143190488,0.28360920676984414,0.30497412893942333,0.2773266574147935,0.35394870847751736,0.40517524637986146,0.5392021239152609,0.3778370833680465,0.3834122975507699,0.3290065050302047,0.29689334229099135,0.28640298766406597,0.3781463660593676,0.5697445233193749,0.3495872727496036,0.3338238797240483,0.2656851545010217,0.2852066723404219,0.4354561451986498,0.5573745126468698,0.3504059712562303,0.3392941776079076,0.2612126195314702,0.3975163384836609,0.5567513241687982,0.32490472815769256,0.33006801194778096,0.3625969648309803,0.4937731496249126,0.2982411049457439,0.3254355851174663,0.5241602328368419,0.3475492728357439
15,0.07908521641189527,0.5515844727685851,0.2514590700253004,0.3165745693052818,0.3770827918925774,0.3402604748521197,0.3947757524106609,0.12986764342506985,0.19121558560804605,0.15801031857075618,0.15457177912682293,0.21122067620215076,0.05312146862769129,0.5449490317287664,0.6558838624193164,1.0,0.6762852296979822,0.6356811266411869,0.5834371277085834,0.6855744363538998,0.5970206212539941,0.5897423830906368,0.5867165355209679,0.5959473128202365,0.5868178369023543,0.31364764329311723,0.5440749244553942,0.6234548671517625,0.4162274739585693,0.36908896826441917,0.35798415744164036,0.3549960630986184,0.3370522087153696,0.313025643931319,0.3035346804360161,0.3598764730311267,0.6311885447579123,0.44438040667566053,0.562186260267066,0.37709464041459767,0.35011237276083446,0.34076636840355234,0.30441666798218786,0.3093966663248289,0.30210929495325517,0.2776868338857602,0.49171411482580984,0.31952527937048136,0.5490802654452924,0.4176082681136113,0.34745462467029187,0.3050404276490017,0.3146828975710832,0.30891516712372397,0.2809908023686863,0.31963734908691815,0.406202785027153,0.5338065156638656,0.33565918895565977,0.27779655740325077,0.29241958286555664,0.33520198154818603,0.2918167501762498,0.37982487184860897,0.3672347542584017,0.5103679009310186,0.40368155825240787,0.29352757028421445,0.34932726868671043,0.31655345174690863,0.33005778279108766,0.375375229593297,0.514816585639765,0.3324783441513052,0.30887681531107886,0.3409285368113245,0.34311180600510455,0.31401793908897746,0.4902680908509148,0.3761353068771483,0.28794408312731334,0.32669777492352675,0.3385600434789717,0.46735187495476566,0.3977305140727706,0.3178546149881475,0.3331241545867499,0.48013769888926106,0.3333896152403364,0.3014392945986946,0.2799793141179181
16,0.09343647072378174,0.48576739795524976,0.24392366146519065,0.4062723876740466,0.44316307955098566,0.31900406368280637,0.6360916350881257,0.13199030263241748,0.24027111787133998,0.13436196398396916,0.21072312796607562,0.37200817158535804,0.0998659397454436,0.4201788069080181,0.5622163513850147,0.6762852296979822,1.0,0.5241938045053951,0.8503401644650974,0.6264368753359747,0.7775328710099789,0.5231855719173533,0.7513055130125412,0.8803290757625635,0.46992596091485656,0.21997081743530733,0.3182820785573804,0.5945437589908708,0.4291972118013946,0.46312792075868475,0.56748413908961,0.41228181172240924,0.4316760634675162,0.44483927975727827,0.5110526583887355,0.5928587330853704,0.4138019562073594,0.44208964186914185,0.3866682634310059,0.6235311497075106,0.28856260147193263,0.4683648265074611,0.25421523019297576,0.48612576211846065,0.36079384193250313,0.3029692506801744,0.4607964080630991,0.2354925674099761,0.4863509030624806,0.6229919452128585,0.32719585552411956,0.38001853175380185,0.4010925196852488,0.46484068140852053,0.21848294207823574,0.1658318174235182,0.44130398693897177,0.33683415906094105,0.5518871966006572,0.2849285334533327,0.47272420246011493,0.495496630569988,0.3259638847058342,0.395167080314367,0.34310984572810066,0.4080888436558868,0.4631863775546598,0.3430261677275193,0.5137530699459816,0.24467896864115318,0.22474339387995226,0.37942440930133825,0.3059884120095015,0.5657051845798252,0.3437903383661643,0.42301321002807885,0.31598970910476143,0.2552259091319037,0.3664386988562149,0.6385591749448165,0.2538268843257992,0.23809880305803624,0.38691414798164175,0.47341230293176634,0.4687682771721167,0.28534059545058443,0.40478032861299484,0.2629182559482569,0.35519212999328176,0.2277140741457494,0.17398096445474842
17,0.07041116723824647,0.4641219014766669,0.2160784958319694,0.21224311090729173,0.2721856817391425,0.24046828672403198,0.3274797971203829,0.14856609331113063,0.13079409993758953,0.16537513695059622,0.1050708451221344,0.1791841480804078,0.09665221183924405,0.4455795407235771,0.607033661102172,0.6356811266411869,0.5241938045053951,1.0,0.43356600896547837,0.6526582907160496,0.5438655660350854,0.644824559402847,0.5342928452586977,0.46740727123859915,0.5596105182304144,0.2943263795491251,0.33919983931565123,0.39034872473018306,0.48734752220333244,0.5024598413592898,0.2988223267397766,0.36058402666095923,0.34381673524001644,0.3492576693273589,0.24081780739857597,0.3011586715482087,0.3320057895501455,0.3484641729024872,0.5635429132749508,0.2759336914062535,0.5149349278292801,0.28173534755103047,0.3437316603256537,0.27227838103141255,0.29158886001411777,0.28103360642491976,0.34497709714697616,0.5029526677993328,0.359285589869708,0.3317501607445353,0.4453139514724895,0.29168726828483016,0.30971986770792287,0.2536327577442639,0.31017493577643396,0.5030711942799913,0.3660577852992438,0.35473094310612424,0.2665425189530098,0.47927185701961533,0.2261861578010902,0.2907682726284522,0.2825626725705206,0.3162134632666035,0.37475728571450084,0.30251430003981056,0.345003525181282,0.44754057858341934,0.2441717629741097,0.3003546160915749,0.3110358927340056,0.3634871746718449,0.34590500895111803,0.2514538907178118,0.4236811466789318,0.2764150692674747,0.2896085024133158,0.34438982548841296,0.3045910166488464,0.30142482898497325,0.47297757049552486,0.3246111715876382,0.3493160388809791,0.2926125124296715,0.3187680395446303,0.2574000746258171,0.29313519275341465,0.30374326521123673,0.25476361582712365,0.3127720729243044,0.269666121350689
18,0.07153540034870816,0.40249733636919827,0.14891590618061948,0.44127602876256133,0.5589257786079521,0.2605422162222366,0.6947854045660367,0.09684219207786611,0.2633269471633564,0.10781012557639552,0.24906439152787638,0.3496306915490714,0.07209755539803274,0.3462285322510465,0.4445553842245649,0.5834371277085834,0.8503401644650974,0.43356600896547837,1.0,0.5313799486584339,0.7453995936974792,0.41614364964483463,0.7727709172861529,0.8998671087223683,0.3789457873376009,0.1641619996342442,0.2442911515904593,0.6055868604888976,0.3525445772626047,0.5442770604099875,0.6643574811541266,0.3791900064598512,0.4166032009805328,0.4678009212578094,0.5398509407471426,0.6241050349665411,0.33619442802715815,0.3513411014958877,0.34750492196244515,0.5941182541827115,0.21297358871591998,0.5440562443253191,0.19799536734510334,0.4634950365478599,0.3458494104556109,0.2736418390374946,0.32573484771745204,0.1754829829803928,0.48294985057491796,0.540517641861456,0.33319454705702495,0.419990844646784,0.33857934349980695,0.43888470903184496,0.1600511683642683,0.08652606582143552,0.44787729594337905,0.2576633957391168,0.4531439171101802,0.2247740583186559,0.5114224725755792,0.4665361176778668,0.291278672451597,0.3913171615003857,0.27810356512463724,0.4030720117116377,0.3685174191537391,0.30365044460823587,0.5960256600328029,0.19918689927014735,0.14866648737232283,0.33670476458356247,0.2538644826414323,0.4742782233133295,0.3414241069873717,0.4662166142549671,0.2770998692574417,0.18608671420420186,0.33799528963241515,0.5051939619941344,0.18913082296633724,0.15968726227624774,0.3223731376531092,0.41427239103381097,0.3772708956329973,0.24114408440909768,0.40280352305914835,0.1955359805892367,0.3954875646493078,0.16504817078428763,0.11639720268926736
19,0.0741694301929732,0.4898289753854494,0.22798759011397735,0.2539562295850923,0.27446045230322397,0.37753841277708444,0.40561707004625924,0.19125349476717468,0.1500516275020868,0.14502880368068785,0.1083570541973916,0.2576156324583313,0.10946887156483369,0.41702657914274127,0.5649732430512368,0.6855744363538998,0.6264368753359747,0.6526582907160496,0.5313799486584339,1.0,0.592323077127014,0.679373271911337,0.5864709301180375,0.5719690054720048,0.7127779989152087,0.23485436243837368,0.3100516789729867,0.3805840781957726,0.32667683603693504,0.32965417758820265,0.45331325787484833,0.5403010122432712,0.35599538168520095,0.36105401873611737,0.2713816385211901,0.3520288204344726,0.3596404947577701,0.3309002805787489,0.41101217193485107,0.3549080986731638,0.5037227579187,0.31027550151626987,0.4835340634349345,0.31090960350473024,0.33112868168633214,0.31890619341479176,0.3713409085691143,0.31428282506698485,0.38836088524625473,0.4848791976622073,0.2895219122739273,0.312996823481142,0.44781178318236403,0.28303085871218037,0.34332918908645804,0.23328038791111178,0.37444193418165284,0.5383953088850115,0.3126041786001746,0.3505729293919624,0.27857525107497577,0.4208998037838275,0.31052855526620093,0.32984567608052895,0.49862637977055624,0.3387707117407985,0.3676033946818937,0.31350150899550666,0.28600718531653685,0.5069868260408095,0.42458350218928426,0.351784844749828,0.3576586563294453,0.29352925957784876,0.2794624134989545,0.34392205731454933,0.24609598638593988,0.30254569744810245,0.30924884088045423,0.3847076342371695,0.3704117772398223,0.29891240780720113,0.3071712331102276,0.3196503789907275,0.3808351188693163,0.23730167800333737,0.2957565819623935,0.33837730873486704,0.24553993018988876,0.29607494842518506,0.2383740837807921
20,0.13572041062118242,0.42486387446206436,0.265638266013233,0.4371279462460237,0.36839475411436434,0.3117992840704554,0.5435737622561294,0.10899482575692389,0.2563083354626981,0.16086867317372483,0.17666723912063104,0.3317101637403796,0.055692702579932016,0.3943649028834497,0.6311468754157061,0.5970206212539941,0.7775328710099789,0.5438655660350854,0.7453995936974792,0.592323077127014,1.0,0.5485982157646894,0.8908079380749053,0.7718919582247545,0.4516014146013967,0.2066475374630605,0.270533913743728,0.407761460830742,0.3246347263087217,0.36209776188579046,0.43118255054870097,0.52706639910468,0.5499296246052676,0.5572731925076647,0.4448610856020522,0.5037978471607726,0.31751905615730197,0.3746772017937046,0.3168101429279097,0.4432008935711037,0.2519224308793955,0.5053590042513375,0.24189126140808992,0.5812559379670699,0.3553167444572692,0.3582760018853189,0.30013678671512584,0.230638046240914,0.38017886703805354,0.43689718631672236,0.41364045805952904,0.36923674119422667,0.35575492501795813,0.5403141956090002,0.18010712495527154,0.13504222256859616,0.38804743163267713,0.2763726915750997,0.5293694252599662,0.27082761588393284,0.46423150261471896,0.3766660558043084,0.39203697727872355,0.3029680299249035,0.34458432408645995,0.45982959902292375,0.36344589381975373,0.35143722761076757,0.44729818774470453,0.20484075396494472,0.20014102332547903,0.48256179609450595,0.2744035092396776,0.42750151601906994,0.2847516416836456,0.35105857017386993,0.34991584872175235,0.26199265859130916,0.342228051911483,0.4536014178064169,0.24125819975226137,0.1825443744224107,0.4525418722930239,0.3408771327508119,0.3322602228926646,0.2705296643533722,0.38149969829444724,0.21614852828991662,0.28379013154928456,0.23584953420080312,0.14675375047253522
21,0.09004891126120747,0.5373223431525674,0.3790107668940592,0.21609461503036695,0.19271399597757938,0.30452083312913736,0.3953817504666609,0.2364420610289465,0.14707088535081878,0.227215220755914,0.15169251217769336,0.24678850448777903,0.16050531719213168,0.4169787691142689,0.5781534518938456,0.5897423830906368,0.5231855719173533,0.644824559402847,0.41614364964483463,0.679373271911337,0.5485982157646894,1.0,0.5621492523036328,0.4493630770074919,0.7077071175443225,0.2502852118493759,0.29013904499148474,0.35932536843805224,0.2571523925688703,0.36928989623739417,0.2970740558303637,0.3878440619647763,0.4867904538483968,0.6224499121560176,0.22505071870816662,0.3258247891816137,0.3647307786280642,0.2903165772805725,0.30686974709600856,0.27273774105776355,0.39955190178653094,0.2762332803343395,0.5256517731766324,0.2870755714312199,0.41295689928965656,0.3596043285060249,0.3953126450171783,0.3494998468655862,0.3441726014954631,0.3126705654170321,0.21936209096268558,0.4171816530572599,0.3430253894267579,0.24055904740483322,0.5259962883103678,0.270990682949987,0.33628999955040045,0.34768170522390074,0.2606817503600287,0.5876594554766246,0.24120380855270415,0.25342879422652725,0.29388944144122064,0.3880309913208547,0.37392536925188014,0.3022927160847843,0.4393906055759175,0.40589845314397943,0.23903876126007303,0.3506411794308701,0.30438547992507514,0.38949080681855786,0.4958303294840491,0.2524358899114681,0.2205349967417008,0.2862822846882717,0.2837654996326199,0.48930836098630964,0.27339733741806377,0.3427359065151249,0.359805094661908,0.49370134871857774,0.3333527429456608,0.2786376953433045,0.3098368125550575,0.25396441241734696,0.2595942523201368,0.3027089696531435,0.21144387674777815,0.335068496476055,0.29141109440406676
