,0,1,2,3,4,5,6
0,1.0,0.5952689565224437,0.4529051079785035,0.9968799841363958,0.5808609842311143,0.5643297084697154,0.7540082093455496
1,0.5952689565224437,1.0,0.5291110601579363,0.6362585982995395,0.966886567627732,0.9630702772324858,0.9668756186563551
2,0.4529051079785035,0.5291110601579363,1.0,0.46058641087715096,0.5551193943024674,0.5558164367209112,0.5576683426522169
3,0.9968799841363958,0.6362585982995395,0.46058641087715096,1.0,0.6290080397749482,0.6252576764237283,0.7561163124350009
4,0.5808609842311143,0.966886567627732,0.5551193943024674,0.6290080397749482,1.0,0.9999999996260857,0.9999224577071999
5,0.5643297084697154,0.9630702772324858,0.5558164367209112,0.6252576764237283,0.9999999996260857,1.0,0.9999224013711943
6,0.7540082093455496,0.9668756186563551,0.5576683426522169,0.7561163124350009,0.9999224577071999,0.9999224013711943,1.0
