,0,1,2,3,4,5
0,1.0,0.14068328375946018,0.11928269938159745,0.14132410659081274,0.12271905257899275,0.0243273822116522
1,0.14068328375946018,1.0,0.2770695715545227,0.2399521284032717,0.24516840096620102,0.033269529880958125
2,0.11928269938159745,0.2770695715545227,1.0,0.9253603834484527,0.9948083471728809,0.2817837473398124
3,0.14132410659081274,0.2399521284032717,0.9253603834484527,1.0,0.9326193574837676,0.1816221015002622
4,0.12271905257899275,0.24516840096620102,0.9948083471728809,0.9326193574837676,1.0,0.2765761029736985
5,0.0243273822116522,0.033269529880958125,0.2817837473398124,0.1816221015002622,0.2765761029736985,1.0
