,0,1,2,3,4,5,6
0,1.0,0.24862748892521178,0.5267586592780634,0.9999999647411604,0.26187082533117756,0.9956821766989176,0.989576318327594
1,0.24862748892521178,1.0,0.21882082028782465,0.24866406158150137,0.9349480498953746,0.2530043743664659,0.3849508282901186
2,0.5267586592780634,0.21882082028782465,1.0,0.5267474655055339,0.1813005270678522,0.5159325519165586,0.5073474406715143
3,0.9999999647411604,0.24866406158150137,0.5267474655055339,1.0,0.261910609235384,0.9956212176151313,0.9895966952876443
4,0.26187082533117756,0.9349480498953746,0.1813005270678522,0.261910609235384,1.0,0.2664465910248875,0.4359664222978676
5,0.9956821766989176,0.2530043743664659,0.5159325519165586,0.9956212176151313,0.2664465910248875,1.0,0.971377520920965
6,0.989576318327594,0.3849508282901186,0.5073474406715143,0.9895966952876443,0.4359664222978676,0.971377520920965,1.0
