,0,1,2,3,4,5,6,7,8,9,10,11,12,13,14,15,16,17,18,19,20,21,22,23,24,25,26,27,28,29,30,31,32,33,34,35,36,37,38,39,40,41,42,43,44,45,46,47,48,49,50,51,52,53,54,55,56,57,58,59,60,61,62,63,64,65,66,67,68,69,70,71,72,73,74,75,76,77,78,79,80,81,82,83,84,85,86
0,1.0,0.013964040844838928,0.07995079790957985,0.19689618376331755,0.09671008887217357,0.034517675982036686,0.012784761839521291,0.07699115234997089,0.047679376130232556,0.10521658432556963,0.0017427665782022172,0.05959455829396832,0.1038057138023261,0.08937939707660106,0.03218479685036159,0.024690241664793514,0.031915137144793285,0.16194157787017577,0.01624531684470475,0.04212677705673892,0.04340769641153105,0.254755682540149,0.019902218322274425,0.06450832540926503,0.07582098942543308,0.08439463804504836,0.05072031977637824,0.022805650054311854,0.1703964252020262,0.007486862504299258,0.22930951128821495,0.00021782621485657522,0.02954326050006098,0.2767366409120336,0.04401576143344298,0.08730926192743169,0.0769411053747371,0.021620154746945217,0.017444977781523048,0.16332564149172474,0.006509967091078787,0.03669882334477301,0.014317723557919118,0.08145969228138619,0.023416882613952566,0.03455837910260904,0.021778097706298447,0.04213425774762789,0.185505554646832,0.02636380744169244,0.0408426626175558,0.032405402306199725,0.0055590210972003085,0.3042347357229835,0.05552205147867616,0.059381318660129315,0.044355174110200485,0.06346434717434078,0.09088088443875045,0.021780684678103606,0.03240540230619963,0.011493420402699933,0.008273524807906349,0.031787651891730766,0.0809514266637243,0.3432985898577969,0.03129089294822178,0.3213020837387748,0.056142529532231554,0.029518559445128458,0.00316420828201844,0.010175859560209279,0.02654790015083572,0.11300966378202144,0.01788056364779211,0.03601892690662128,0.046157697785327564,0.0313989174520298,0.014105894750340332,0.01665536268775033,0.013610701110620047,0.11560146578166014,0.016237025972872635,0.03185240546900407,0.01100212114852,0.11061494783737866,0.13845577368488324
1,0.013964040844838928,1.0,0.025185360027394226,0.024802283906726615,0.04756817216381995,0.13640000699360522,0.022377715490192365,0.045782020127852534,0.004565123140118384,0.14574529300983793,0.012370901960165345,0.05789946321995366,0.030454500488349284,0.10284797910151193,0.8023029630321487,0.6911966040067852,0.029628005602767352,0.06589593784562987,0.001149800197488552,0.054445997631653406,0.03654484543161399,0.10938087973049453,0.014194134608102307,0.04801187885509502,0.0019490291934348592,0.029964585476698124,0.029711481093380534,0.970780888732809,0.02688219039714266,0.8803467013944225,0.0016201303231872064,0.04463571882366806,0.699807452471983,0.05918114799097733,0.019422752413437747,0.05031955711161824,0.015494829192299848,0.9771058925479634,0.04360072813103847,0.34205693732827513,0.014976703547238311,0.8110908412901301,0.9706217151515238,0.07655275474666173,0.01402045970994575,0.7998058399033684,0.06655839907398677,0.025029688751639367,0.00940971628465447,0.6961833306188595,0.033415713881033454,0.6289205675199492,0.03047142020834269,0.022630315674440377,0.027717322014296223,0.05903378269436781,0.117144321032799,0.052829059759294035,0.000647106487704966,0.18235585211249708,0.6289205675199505,0.01615198698905107,0.03395823717506479,0.0877065492421782,0.07307499785263073,0.09253771829854945,0.18482731184895793,0.013102919525537961,0.1007009072314724,0.08285781380252985,0.006649161079237513,0.024380653087356836,0.10757346788927644,0.1868502067775434,0.003660425351018644,0.005939463292738301,0.012826041492912965,0.011258845161857508,0.021368474715596407,0.9854844572277293,0.9696200636764293,0.038537767766980466,0.0789977232232799,0.7930524073358742,0.027908417837650294,0.011397179050367514,0.18767007179727788
2,0.07995079790957985,0.025185360027394226,1.0,0.0004353254445635767,0.024207114563742714,0.07392202389906449,0.03418534910616691,0.01933413645049117,0.5740341797741175,0.017426990914244364,0.010706280479522672,0.3638005865246096,0.15038069277191063,0.03466904355347826,0.024901313084537285,0.025661061237762624,0.026884749837633462,0.10575199296655038,0.013207492042602992,0.002440958255403422,0.7728426583897676,0.1692476435416413,0.006488569947897828,0.03643898921135884,0.038602207867408346,0.03488812659805075,0.046662212866841433,0.029971786666403,0.008037426690074647,0.029131059732302542,0.20546418799507873,0.03439673827412258,0.02526900642529257,0.006540241623093876,0.019216089241450116,0.03515958816903996,0.0004326937158126713,0.029379101647466925,0.00909483084021885,0.08043726739854805,0.009651942185734006,0.029139084878532118,0.0260524683556526,0.009457179137162219,0.04927418408848156,0.02931150792787139,0.010134485427986756,0.015235471487703918,0.04498985843238365,0.026679547194351564,0.02927801247798309,0.02333568273195311,0.021332474408463024,0.2177884426151868,0.045486218930054674,0.007715416361683322,0.0018845911826711487,0.42473334114422157,0.026985326487259164,0.005366738418999027,0.023335682731953262,0.053161766449494885,0.5685516221790605,0.0727827289489531,0.006792539439155703,0.22307104195498756,0.2229708925845563,0.22957947400663034,0.005664072767311602,0.4941471493640834,0.034597511224086414,0.003224252397693452,0.004145856979611366,0.12708931539880833,0.017095225765737732,0.022940663078297854,0.007443173170857887,0.026817464407825176,0.01369869821994878,0.024482751821822895,0.02521436652210409,0.03600659633313461,0.023485083581162993,0.028547236439174197,0.03429425668333871,0.013269872313268512,0.1845831159574315
3,0.19689618376331755,0.024802283906726615,0.0004353254445635767,1.0,0.3099298608713725,0.081554372260716,0.1548664406032518,0.1156901374641179,0.15076725790149917,0.051155864220809866,0.04954030630932162,0.10839755459648866,0.06692600759059966,0.10088194823973275,0.027215817529900883,0.03795043747679005,0.22917482796406588,0.003979274735880994,0.007072255742586063,0.15435865738322116,0.022948442073088927,0.03385890490052669,0.07509619343660376,0.10574544704665786,0.02492923797087486,0.016784746269659652,0.05670467318789456,0.010131518141446486,0.7133122572408641,0.027407774722726114,0.06984223212576648,0.04878022557621412,0.018396384321958746,0.46974180670046406,0.02230290794560786,0.27685258145134245,0.10030762391739305,0.011453643036892768,0.044611908726091117,0.056298291222477176,0.21174535454017335,0.015573754990302502,0.024836214453672883,0.04618579132313444,0.12165755367240941,0.019271540052217588,0.12700979639634086,0.010328539595113772,0.003246251687011579,0.0316646487679862,0.17097045921463166,0.013594936165543274,0.013862534361451996,0.008318266541657352,0.05237222595219889,0.0228947942335931,0.0067615403306000455,0.10825257311501854,0.2669243824222231,0.08552317671319257,0.01359493600796273,0.19582126900405097,0.13373650940148343,0.013957977353888975,0.05351005447355984,0.04876762218521401,0.09962964027577353,0.006965348391398011,0.12301645671788435,0.06084940783697092,0.013023867005455672,0.03996686071451641,0.09838221928033303,0.06034570651049326,0.09752367855740862,0.037026084029414826,0.10293429483303616,0.07141663706128867,0.00733528340123022,0.02071673452982756,0.02638560420421656,0.025876203377217584,0.0629091242397698,0.03246076820951636,0.1493327162875997,0.4908486768093208,0.028821166263790204
4,0.09671008887217357,0.04756817216381995,0.024207114563742714,0.3099298608713725,1.0,0.08837154484386239,0.04520777586477244,0.11308501896553065,0.08506278325356255,0.04098321639596035,0.04367157646840044,0.034637120490084175,0.03245970309853001,0.07871306476976968,0.03646982833960369,0.05142015898948952,0.10429947013757539,0.042607958341416195,0.0045845371471161765,0.04289491284519039,0.04406210274311772,0.0020742736443503137,0.05132255988528191,0.09244718852928739,0.020768697472249135,0.01211024105607038,0.04396926364877653,0.02172110332228878,0.50729397412864,0.04306914805989811,0.03541803729180627,0.05399692651528565,0.031478846333159546,0.15068512124071756,0.030153132242788497,0.8536228610271231,0.15870431354424774,0.02394504309992391,0.11329816080804775,0.09151354604396499,0.09914912690740725,0.02759398942793172,0.04265036111976986,0.04848923471289528,0.020269581005038135,0.033378308469462326,0.10610169358034549,0.03002566757476888,0.016338184605124047,0.04845838360575572,0.037841129794932524,0.021631203397739038,0.024472134647492313,0.014092036883600861,0.0492832809727724,0.06096246850032371,0.0168481011710153,0.04667923972793646,0.054863400621563425,0.09927646477193451,0.021631203397805967,0.0869006009352198,0.061589744801496336,0.03132633601082174,0.07129498375886865,0.03720396758946451,0.0601622980369692,0.026923028440453193,0.13987959706130637,0.07571972631202877,0.0016102412703880857,0.01696325632702407,0.13060320417405305,0.057656047427103396,0.12371038293711646,0.026058288164709367,0.18479342462942053,0.08758662487017048,0.004755042869146553,0.04847258020405635,0.0450560149555807,0.013545352750698295,0.08579624386966664,0.03590756915592314,0.029003985167142674,0.004606190362366352,0.05558120808296832
5,0.034517675982036686,0.13640000699360522,0.07392202389906449,0.081554372260716,0.08837154484386239,1.0,0.012751953281372092,0.08807337158098515,0.012099260533841184,0.11745926262082598,0.037515877412118294,0.013018830085912616,0.27340411493004685,0.2304955259204107,0.14035513846693626,0.1327595975964503,0.0886606933910271,0.04089006497617855,0.0002999611254025785,0.06679654101461667,0.024572535103126514,0.0516088030008337,0.06096858474090912,0.12288966809269025,0.16272423518979576,0.057860477916013814,0.08338129177087307,0.12930160424660866,0.061167953373425996,0.17498438650690754,0.15764793756985304,0.08376473693168107,0.12461158156731335,0.10812142840894874,0.004533804603038575,0.0841673604108656,0.08867778725903568,0.13051972021824967,0.06492403117444154,0.21554191030318032,0.03288850614026832,0.13754679767842443,0.1395342538547772,0.06746296259822329,0.013981254839791945,0.1399449087361325,0.1522029221113101,0.02982523069056598,0.011141118955993021,0.12964106821129842,0.006479807268102803,0.12290738114541219,0.023017413912659716,0.01138801599153222,0.04754615610253705,0.059607683144309836,0.0191764029762521,0.01981479962065665,0.0456236888131673,0.1509777970167625,0.12290738114541265,0.12672008105507176,0.004149439553372374,0.09332694768644183,0.06857398889948876,0.08545258082403111,0.16109527456732056,0.0297138515079619,0.14029160917223188,0.19434207634031364,0.03479930936687362,0.06019234432409521,0.12631955592895655,0.13110078765823835,0.06539159549537284,0.05814070190826075,0.09619491995819775,0.047763113365704386,0.005190870697569947,0.13403803262706399,0.14022333386066274,0.04837126646744621,0.10543355001205011,0.14429535216266667,0.013656399464001906,0.02304933790352872,0.22091964867469263
6,0.012784761839521291,0.022377715490192365,0.03418534910616691,0.1548664406032518,0.04520777586477244,0.012751953281372092,1.0,0.03786379370928186,0.1493653206499396,0.0015047000968957365,0.004855422763446618,0.2880900456014593,0.074060842073416,0.04916755830261386,0.025324568558989374,0.018597723856388658,0.3503046974766076,0.022860425323475982,0.015224842607261386,0.6184254972513429,0.07697569002889049,0.18827906039435444,0.0016372872172333692,0.09556555429626529,0.007101446064747791,0.008776772962819087,0.07113415176872023,0.027575931103707634,0.16078561439358827,0.027220894017136666,0.013260087645990749,0.015111895182276082,0.022430369043441697,0.11080000815776776,0.01145043278217892,0.05212389023715002,0.06490147994627925,0.02557207861407964,0.003603414442269879,0.06815583165693767,0.20568825252927234,0.027089569319246148,0.021551933898390965,0.004119680780239833,0.8075048003894119,0.028273476403093235,0.0053975845741076915,0.03140788815733681,0.020388437571455864,0.0215540991402741,0.18210773056733065,0.023989106104161308,0.013607954717813777,0.09505260352445213,0.43167667115545166,0.0023340105713112523,0.006676842753272793,0.03774598136137026,0.11400821530113746,0.010702228969339991,0.023989106104092193,0.2537399506083664,0.5067576082549152,0.07389291152995947,0.016155268027007962,0.20530104751461759,8.62111874352275e-05,0.08140695202298703,0.02643629214514549,0.01020921997939116,0.030709100608865062,0.004261593386811562,0.044689992138906974,0.019563095894505524,0.01745167171134837,0.021017223401657847,0.030651284333775883,0.07420228072747309,0.008873341933157553,0.02388372438608225,0.021625975842525257,0.0018305363179225618,0.02621503610635591,0.024881174202386457,0.8298391024916107,0.23934814168550936,0.18507211364971546
7,0.07699115234997089,0.045782020127852534,0.01933413645049117,0.1156901374641179,0.11308501896553065,0.08807337158098515,0.03786379370928186,1.0,0.0977186987755091,0.012564771772069704,0.05095420177899,0.12795942215903716,0.055867853288333894,0.08691557588903297,0.03185165396915012,0.06084547936723525,0.16252896817548498,0.18410646545981219,0.00720583455439904,0.05640149716467858,0.020219636723014467,0.07915012340520412,0.03288125668616779,0.11800679488199944,0.07183096221264262,0.019034504610531074,0.12691688432281614,0.022223437446485857,0.10169873157183429,0.21922045090508294,0.10453748579774984,0.04553752307509175,0.026378278521643664,0.04532196211289175,0.04770660559134283,0.10201240219368717,0.12547164471776867,0.041296213690093356,0.04349370409936656,0.004277606339278079,0.09894558560404397,0.033989702586814295,0.05536392543200089,0.03006622066132854,0.04631775092713876,0.04717098002241177,0.12433629498611547,0.13398691720668116,0.10341214094141869,0.045994875121310015,0.10866409594225226,0.012833679279455598,0.02105043724412828,0.05038897949842421,0.0840192936905862,0.05326028519928089,0.0028818916274076065,0.12127151581354816,0.14066523157516744,0.06569116412737161,0.01283367928809751,0.13861003517588535,0.0532973478269801,0.01099637444657816,0.039748442561863925,0.06250103126535105,0.08267056847157876,0.05381919744102437,0.12279215278244697,0.052255971694024454,0.00217287556881413,0.02968565578815296,0.08424989454183014,0.10883310658726299,0.03384960596256457,0.07826482312077755,0.17910554938696097,0.46971478033396336,0.007473830168549354,0.04686355659642089,0.05685404417323569,0.027728439271266763,0.06299798518661047,0.06753899231860247,0.03861446891968938,0.007239868376090913,0.052322918499339455
8,0.047679376130232556,0.004565123140118384,0.5740341797741175,0.15076725790149917,0.08506278325356255,0.012099260533841184,0.1493653206499396,0.0977186987755091,1.0,0.019035378708537817,0.008418166950861092,0.32655744142426407,0.19208855472210823,0.07910200244690894,0.022075552097608885,0.043512959320759464,0.3119925271737412,0.06779031746921473,0.021258835816429022,0.15918496097670742,0.5605808109578896,0.24975055503158367,0.00947805860137661,0.11945485235086636,0.027797176402101813,0.052655929223233686,0.10318062802030205,9.187347422051712e-05,0.15012212037491332,0.007545172422124093,0.010997275094269952,0.0010065306262090888,0.03343802297062662,0.07562557890298764,0.351505541480025,0.07617765874536138,0.08624894647757884,0.0003177178717757176,0.031735815661017366,0.08083080022360845,0.10091147994208031,0.01664204683351484,0.0070230483723952965,0.03013458421645439,0.14666514566917926,0.02695368227154143,0.06398690813293464,0.0400403907652803,0.001404879998853818,0.038632987706439484,0.11590507228085456,0.04308702146689152,0.002534431325488173,0.21373297130190924,0.07155543108667836,8.836635011973691e-05,0.00302778508812937,0.3313384720712688,0.12469414574156287,0.09297437633323143,0.043087021466891424,0.20666397966060954,0.48603706536892755,0.04354854138649974,0.04093335657755335,0.18162822425069292,0.28568258703718497,0.22444336714912969,0.10010057976845198,0.34330214495463657,0.042865474837540225,0.005880576389425335,0.11778150231260245,0.043835213257280466,0.009758102655889767,0.035434817778115864,0.07292003381056703,0.034958941788766934,0.01681259717765238,0.005621006529413514,0.007480869713076545,0.06896496535485984,0.0007972178469800904,0.033771388895968334,0.16965530549205302,0.1642064234190227,0.21901802159046294
9,0.10521658432556963,0.14574529300983793,0.017426990914244364,0.051155864220809866,0.04098321639596035,0.11745926262082598,0.0015047000968957365,0.012564771772069704,0.019035378708537817,1.0,0.007700326881464825,0.043980652961236974,0.120608134410385,0.09763071312070837,0.1342282933809904,0.1461734701156193,0.02489383753627748,0.08117722463516448,0.012880208094912006,0.1561164890097096,0.0745232633451375,0.037452135394992536,0.043452245537942996,0.028630890428628028,0.0157936864316951,0.0340235927589444,0.033796702917472936,0.131416814224237,0.03723586945283918,0.11649064546223017,0.019478238587817876,0.050862731233646395,0.14213427037964405,0.14498454455865414,0.016963190791851695,0.04647088244388201,0.06375139431360607,0.13574835620278675,0.04005232281867397,0.3225522416470991,0.011655879464758013,0.13481494379107128,0.14310485859553457,0.2074023756248062,0.015035246840000304,0.13282497195327042,0.036115975638041344,0.006930900913871033,0.013407911319645532,0.14627048579758564,0.03385262064966334,0.1321466691235136,0.07372673527955163,0.15871696482151804,0.011600486797756993,0.1275264990217033,0.08527922178814547,0.018330940756356946,0.016734617691745293,0.22634739366943799,0.13214666912351822,0.00852892101390879,0.09011643185001453,0.007789692006680412,0.20961462945638965,0.0028747316491468627,0.1725038581193003,0.17789055675995338,0.1784754336690704,0.2271121177605573,0.0038740071371117313,0.07505168175149428,0.18461061419922714,0.10672708900304259,0.041311536979289194,0.016481135393369737,0.028392070379939568,0.0049664042500583375,0.010680123206515032,0.13637520953081006,0.14380341705267533,0.048805788851279584,0.054276234233536766,0.1334563350159,0.016826850204037538,0.007410975947536819,0.19636540885810957
10,0.0017427665782022172,0.012370901960165345,0.010706280479522672,0.04954030630932162,0.04367157646840044,0.037515877412118294,0.004855422763446618,0.05095420177899,0.008418166950861092,0.007700326881464825,1.0,0.12438747278327308,0.06945196024568674,0.03466036735702746,0.014304669108773158,0.02302692240281427,0.06202788730306489,0.006845319287168366,0.006364757395711205,0.004260226537657385,0.018516784221086227,0.050812201014705204,0.023732894229132127,0.05411422798092598,0.012870238303780292,0.01681276513900132,0.2889442799708274,0.004640839043863272,0.04061593357374715,0.014138347896807034,0.08614451565007471,0.033883564930607984,0.011088253961384263,0.03356468754026012,0.0030312135878751557,0.05495297161823919,0.06886517624068324,0.008034605996682726,0.014988329738935482,0.016087139988472148,0.011413775784005133,0.005703196155379092,0.0159847674393338,0.004087511443601769,0.011257395657602474,0.007709641836405139,0.10950057817026843,0.0015879090315936413,0.02772954423110986,0.015887959082496475,0.03595169352122677,0.006866013673300118,0.009138404768492389,0.02505295589837415,0.014816386053093098,0.018426982731119992,0.01424822785178616,0.15011221881082118,0.04563668170539252,0.036691279644231495,0.006866013673299973,0.04270467209443239,0.008969790795178019,0.004838758101603528,0.006788330694395108,0.07246499377484987,0.015796983502113206,0.02188613807351018,0.04990596439696301,0.01169451181517664,0.06471834370102424,0.019610676025618876,0.04625638269733169,0.009519805834374725,0.04056164201465762,0.021380666431930772,0.0715177327679639,0.03920446645137644,0.006601472165302148,0.01299696953396587,0.017722170624205644,0.024491929087607348,0.011384362263444206,0.013861766020884186,-0.0033043634173298064,0.006394819732836395,0.03172154666809225
11,0.05959455829396832,0.05789946321995366,0.3638005865246096,0.10839755459648866,0.034637120490084175,0.013018830085912616,0.2880900456014593,0.12795942215903716,0.32655744142426407,0.043980652961236974,0.12438747278327308,1.0,0.2721407720577079,0.0318300388969425,0.05014265908234182,0.03229517177573485,0.18899288258619382,0.10743282291524256,0.01578507768989709,0.2689345286660069,0.3395954386893655,0.3436439791037145,0.009734021561398758,0.1189323127025083,0.08516320602076408,0.06539838407941928,0.22464037757423538,0.06358783970858412,0.08481772998114895,0.0037227169200625904,0.11559535744530613,0.012751406925118511,0.04084558827536814,0.043648735910598806,0.022841691874359086,0.03900824370455435,0.06079021725780744,0.06356616518570579,0.0019359540713204887,0.1395107318354799,0.26696323800938415,0.054642505344608884,0.05649415162784458,0.015614527534087715,0.24882015046268405,0.04655915407276977,0.038312225504425604,0.018587007588813296,0.026452437277604622,0.03581977805423028,0.27142406431722205,0.035519923789941794,0.05803676634833866,0.11784621692886153,0.26537626702905487,0.02486024411946472,0.025604203252845032,0.6416058866229364,0.16027963076420682,0.00594072806189541,0.035519923789941746,0.3345830435948003,0.4386818190743931,0.1010814850750742,0.007679960501850679,0.2924488992282966,0.25918172435088316,0.12259971686345221,0.021933405160585506,0.21825821535666085,0.04086084050530171,0.009872242963614261,0.01198014937014088,0.06746662707160338,0.003942439869215873,0.0757016320868438,0.06992459033248744,0.1647396817314387,0.031888838907782824,0.05965212365646005,0.05620398705248324,0.008475528815538374,0.014050961798195311,0.04276418575200598,0.2848121624261486,0.10694599594030037,0.38889870932944204
12,0.1038057138023261,0.030454500488349284,0.15038069277191063,0.06692600759059966,0.03245970309853001,0.27340411493004685,0.074060842073416,0.055867853288333894,0.19208855472210823,0.120608134410385,0.06945196024568674,0.2721407720577079,1.0,0.14907626525969722,0.006111244423272689,0.01157664600327693,0.04365790949165592,0.01517570297537258,0.04234207829118613,0.10763034772826947,0.16342849094208778,0.3156140264865398,0.00907424297202241,0.10881571356954797,0.09614422945943017,0.2047847240848383,0.17587264989037604,0.024951513294431717,0.05921207480306932,0.040280827699149965,0.2781082777528602,0.0717464795602828,0.009499684775892804,0.08436143651974488,0.1015221986230899,0.032221577927328666,0.05975718453660569,0.026009233834936998,0.011680882323249795,0.10916253175737657,0.0038308360366118436,0.0054868300892769945,0.029540224114751247,0.05223309076615238,0.07128448568209016,0.006422114643114925,0.048202961733311595,0.04246119751240315,0.06138042436032213,0.010370733072279896,0.15276736999702953,0.0077939165326800335,0.056093082605246924,0.25357370004495033,0.1537960947305952,0.03696206966184412,0.025557705598905526,0.2988674185241983,0.07154898759573265,0.04948907851318813,0.007793916532679963,0.06730174478314974,0.17027996882862467,0.0414058976019276,0.05374679046867126,0.08258240771256012,0.28612493125000904,0.2516127689101084,0.08359353717145936,0.2509020911031989,0.09236158289088761,0.029942121691685745,0.08623762556991776,0.06137130970385347,0.03921675415831456,0.08193901273703835,0.038183687418849296,0.07807502353044307,0.010817481695294845,0.027612125945360725,0.029775303371890213,0.21265418625886223,0.02724893371837586,0.008116267191177681,0.07028887044078608,0.04254206404895285,0.13531886867332313
13,0.08937939707660106,0.10284797910151193,0.03466904355347826,0.10088194823973275,0.07871306476976968,0.2304955259204107,0.04916755830261386,0.08691557588903297,0.07910200244690894,0.09763071312070837,0.03466036735702746,0.0318300388969425,0.14907626525969722,1.0,0.10314848690916392,0.11643944276795912,0.09041858546745789,0.027998816823429636,0.015040130788873713,0.1230759351735256,0.07697593364345641,0.10149547739019804,0.02691798519543128,0.3476496289908541,0.1627490492471587,0.03785968775370507,0.09242521729024372,0.09859339258267626,0.06590041126731346,0.09396716204382449,0.038872754002312784,0.07977823000322774,0.11077119638693596,0.06403074998967083,0.030083475869773942,0.07860956598607986,0.1654171370056355,0.09742267063560517,0.016142321712035133,0.15714219988674932,0.05585414886583909,0.09590574122932577,0.10374185622199293,0.09997595870872049,0.054828461676856975,0.09708227781452235,0.10505240407414713,0.011551886200457025,0.025371706661153775,0.11323936584748015,0.01746580285280226,0.11109400094728757,0.00807967745594479,0.12102835514582534,0.11750039080444871,0.08082763115286573,0.026105160059553233,0.06176680391755404,0.07188897897467128,0.16677809087359616,0.11109400094728723,0.16247757187802203,0.11116731836478772,0.012241840247819396,0.09959175290227303,0.0010858604735627011,0.15701569275539784,0.13212762305908896,0.1768972519379823,0.29074010128052447,0.01726178931980999,0.04733344081589725,0.13335611861326754,0.10982206199617056,0.04900126733755085,0.04829741679534015,0.03791973471560108,0.05293752643369943,0.010937796526289265,0.10438427489319729,0.10434566722199656,0.03743330831104125,0.04968213944811592,0.10145726386812735,0.030740672302531108,0.015111166790744939,0.08266472387963483
14,0.03218479685036159,0.8023029630321487,0.024901313084537285,0.027215817529900883,0.03646982833960369,0.14035513846693626,0.025324568558989374,0.03185165396915012,0.022075552097608885,0.1342282933809904,0.014304669108773158,0.05014265908234182,0.006111244423272689,0.10314848690916392,1.0,0.8498698777612917,0.04281432503907708,0.05668869060870677,0.0016396004613060888,0.05594998804418099,0.040217895640321834,0.09171978657646944,0.0007948742853582626,0.033966614221912994,0.008544526783403467,0.024378251345984907,0.020050906084479157,0.8174657982893199,0.01796188041202513,0.7304371831962921,0.012601235383828744,0.02860530495460697,0.8602110227097423,0.02174401824807096,0.014228370933862073,0.032916833657422546,0.014082792828789534,0.8070491230977451,0.02683530544418115,0.27390814645940903,0.014376873560107955,0.9801769178106464,0.8014646242118921,0.04575918428169261,0.0060701007037385684,0.9802596719519369,0.09273917396406202,0.031675348503991785,0.0014063516695285994,0.8488901784379284,0.025794750231032424,0.7730846713406148,0.0038093495150946324,0.03296679543648108,0.016069987278885887,0.028363794315270537,0.09969547280730322,0.04545214149338518,-0.0017294937470341634,0.2148793525328424,0.7730846713406151,0.004398024359631088,0.03522097327318688,0.07972154826378207,0.04362588436103223,0.10008554175374235,0.14782669904904994,0.02512142383269041,0.11754821859980244,0.07791170361894281,0.010880297312297478,0.041661463201536034,0.12739575952069382,0.14287613803659138,0.007665397229400465,0.005592955804728791,0.006914894323257167,5.170684767488129e-05,0.0123851795131473,0.8111449150721646,0.8006383953242279,0.03137166775600943,0.10028070091824301,0.9782016676880988,0.02859011474458021,0.009272389008682796,0.15359739035355055
15,0.024690241664793514,0.6911966040067852,0.025661061237762624,0.03795043747679005,0.05142015898948952,0.1327595975964503,0.018597723856388658,0.06084547936723525,0.043512959320759464,0.1461734701156193,0.02302692240281427,0.03229517177573485,0.01157664600327693,0.11643944276795912,0.8498698777612917,1.0,0.06488279854992085,0.042139859777297596,0.0005684863904620394,0.0625046554652042,0.05849907578869786,0.06613923801990126,0.019674665284194582,0.04293196687045583,0.004014093439373058,0.0213089227086345,0.010489153266789246,0.7047197443138996,0.027134979583388143,0.6428702335673754,0.0008016044661244671,0.039407791119091255,0.9761700297301149,0.03138641296765276,0.012147133613833874,0.04402289011006576,0.03080992654152526,0.7001462597084555,0.04065459150317436,0.23574279532521292,0.00019103604648450633,0.8437924114804477,0.6958286248614403,0.0259826651694902,0.013790636086706526,0.8537622927708336,0.09434951610670657,0.024498712890013888,0.005907992840773589,0.9930864849086856,0.013008366699706687,0.8888772846085061,0.006448273752690437,0.014980269721330363,0.00834801481840478,0.03180975358613485,0.07866057583987751,0.034329374930950736,0.016703237694486152,0.24846034186128488,0.888877284608517,0.009299352018891838,0.043823367795030266,0.09658421551828276,0.025842809867781667,0.07900030186956286,0.128283893915745,0.007471973620794003,0.1369753256784133,0.09099917067512234,0.01274411240200602,0.045764966110352606,0.15225011709735126,0.11661478438510883,0.008721598319125215,0.006636913327220066,0.04566839917054012,0.017815585087746843,0.012453065526337662,0.6999139162870184,0.6951109572931647,0.027507607532113443,0.11870285724815997,0.8570057512738656,0.020752372512827678,0.008104954637853365,0.13425880604971357
16,0.031915137144793285,0.029628005602767352,0.026884749837633462,0.22917482796406588,0.10429947013757539,0.0886606933910271,0.3503046974766076,0.16252896817548498,0.3119925271737412,0.02489383753627748,0.06202788730306489,0.18899288258619382,0.04365790949165592,0.09041858546745789,0.04281432503907708,0.06488279854992085,1.0,0.02405220110423697,0.012038355069996658,0.25379915025335886,0.010147568325544564,0.12070239916234995,0.03141098747867308,0.09250929946418215,0.04673157346104365,0.03179980380526123,0.2305046959601743,0.02158968465588978,0.22080274539445702,0.03340574716602588,0.17484182328987416,0.05881445597527313,0.04717447109020537,0.16878635615507168,0.05210721244687953,0.09556434392891838,0.08915995917422812,0.02199597644047507,0.05200660656591905,0.00372545688509432,0.18990983160442512,0.034805221728287775,0.030655248566246397,0.010948703651881005,0.3200681698386303,0.04029563405654745,0.1357997328379089,0.07125997476006975,0.006013583084107233,0.057541779141919776,0.2619991000681039,0.04116495418272509,0.007000462108598166,0.0011342525504091554,0.11609787345872022,0.03754819288631937,0.004026201792867543,0.11568465846773812,0.23248199754932553,0.10101566441697722,0.041164954182724985,0.5436719597348799,0.1932583142525447,0.01226981377591041,0.024371393523572517,0.10948253584034458,0.12675289567006215,0.011740236802103171,0.1370068620417979,0.040962385879732485,0.00814214319361875,0.044526277418376364,0.1730032385135009,0.11819169282174453,0.05729137379426266,0.16945781284351386,0.12818174985107342,0.08632980106463459,0.003934225803210901,0.03187172995651855,0.030550949806141606,0.04632423836050534,0.05856826398474098,0.051218982023770815,0.36098148775464617,0.2909341700653651,0.05789077928658131
17,0.16194157787017577,0.06589593784562987,0.10575199296655038,0.003979274735880994,0.042607958341416195,0.04089006497617855,0.022860425323475982,0.18410646545981219,0.06779031746921473,0.08117722463516448,0.006845319287168366,0.10743282291524256,0.01517570297537258,0.027998816823429636,0.05668869060870677,0.042139859777297596,0.02405220110423697,1.0,0.03143994255278263,0.03356832157459814,0.06705150434457373,0.3987275737284683,0.010261500639005897,0.05807082404316298,0.16775735784054818,0.0809074670728441,0.12154462533346003,0.07385419915589984,0.0038327777465976863,0.010710607385767014,0.18315365448975818,0.14140269143938686,0.051208710931806685,0.049492233160137,0.023722602537946006,0.039805573690956206,0.03659051561405732,0.06947180167228363,0.0020394680919098894,0.1904705120291102,0.035204650378747794,0.05749037685972328,0.06491555322133834,0.01897733884569667,0.02620066268459824,0.05351863808413405,0.013408130948118477,0.0010590319897012142,0.1465561800527939,0.04528446828866485,0.16817651021273944,0.04870771791366855,0.005886336949138037,0.31558469712577286,0.05624227468994211,0.006606246551840583,0.02743326047195084,0.12522442635549247,0.050269852783044196,0.009206476179847222,0.04870771791366867,0.0892769932397418,0.07935651206821426,0.1494926210387747,0.01782201451596121,0.35139054298159905,0.04654690803515455,0.3125391884309,0.035779767751271487,0.07243475841575274,0.014464601569149577,0.01257509445573904,0.041320223674476374,0.30829528777449133,0.03304908935067101,0.047741953628305446,0.06525302346237168,0.3324494061304161,0.0312736308106401,0.06706637304915865,0.06459224325269905,0.1009562643916281,0.03552389184739253,0.049994443089188156,0.044615448061677276,0.030209995733533262,0.4512024985931218
18,0.01624531684470475,0.001149800197488552,0.013207492042602992,0.007072255742586063,0.0045845371471161765,0.0002999611254025785,0.015224842607261386,0.00720583455439904,0.021258835816429022,0.012880208094912006,0.006364757395711205,0.01578507768989709,0.04234207829118613,0.015040130788873713,0.0016396004613060888,0.0005684863904620394,0.012038355069996658,0.03143994255278263,1.0,0.0172415184477785,0.015840605545481275,0.04992703910638973,0.0038760352275559466,0.010818799699732677,0.012411186451453506,0.00958062358004489,0.0150910983960534,0.0018318920892571324,0.006173295781806963,0.001074645724917113,0.05727761531382751,0.012204021379121473,0.00076449179492745,0.009901427031082504,0.008739785200954248,0.00412547810402402,0.005772164635612676,0.001682399112628254,0.004360923497658282,0.004886019737048341,0.011149316658883284,0.0015887562053767625,0.0011616449451191991,0.007170444127105022,0.01636081577740536,-0.0016639682881149545,0.005330394170464759,0.005223322245933124,0.013603757454165064,0.0006822610014286478,0.01349294597953172,0.002330971557923112,0.006675349749785761,0.044628696471347304,0.014806768669191839,0.0045019562959072576,0.0037783253538662023,0.02742235321927906,0.00992116740192021,0.0059016556108387255,0.0023309715579231493,0.018571068409044565,0.0229730573817677,0.06020875982213138,0.007188159518857777,0.04132013923234199,0.02157438921201762,0.03455049103128593,0.012540547547989774,0.025188021388897957,0.028434664895125104,0.0037620227443523335,0.01086741928814772,0.010725027252254441,0.004836961046541695,0.0070722557425861015,0.004018219163066477,0.01052919482882612,0.023631709731686528,0.0014373794086979968,0.0011379671142627335,0.01395653548940603,0.009388942634827648,-0.0018009699515884397,0.014064409437094248,0.0036440377848772215,0.060363590438448
19,0.04212677705673892,0.054445997631653406,0.002440958255403422,0.15435865738322116,0.04289491284519039,0.06679654101461667,0.6184254972513429,0.05640149716467858,0.15918496097670742,0.1561164890097096,0.004260226537657385,0.2689345286660069,0.10763034772826947,0.1230759351735256,0.05594998804418099,0.0625046554652042,0.25379915025335886,0.03356832157459814,0.0172415184477785,1.0,0.15042736331951112,0.1763549504674572,0.019767959252172847,0.17734286762785553,0.016603131822651246,0.036409676144717365,0.011629075716214774,0.045227651878089185,0.15863522946267364,0.04161746249024542,0.014107761415021302,0.030682206490834286,0.06016813058415327,0.13241325510217256,0.012538061913840038,0.046527506954282455,0.0661684500500948,0.04791483940563746,0.016830647321339758,0.03747879889230565,0.19173443972625245,0.055511560417733356,0.04885664879100757,0.10200149902167754,0.6066878684632863,0.054020227810165036,0.024542043717549398,0.03354139567550811,0.02330410973113763,0.06049002284419695,0.1122086493302019,0.06797944774331054,0.003567446949249994,0.02422842511959082,0.3597437621401106,0.00979641045254783,0.05007676255433726,0.03885256960463909,0.10547097815041893,0.15114602962904508,0.06797944774331034,0.1981475159783794,0.5237797602317548,0.0785153910544563,0.10925525588020352,0.19025378886554978,0.06743401436814782,0.006207540735123708,0.12050156340339509,0.10720379225729638,0.037469666108020744,0.0028247226087871865,0.1090616124621324,0.0676933575809693,0.025442641685620253,0.010261656059492058,0.02551058660522362,0.05931069721624183,0.017882756037856024,0.050654591341375566,0.04941048790817266,0.03939801984051719,0.015850826927732375,0.057147914735604245,0.583009780253778,0.21135248595066974,0.09339245348286004
20,0.04340769641153105,0.03654484543161399,0.7728426583897676,0.022948442073088927,0.04406210274311772,0.024572535103126514,0.07697569002889049,0.020219636723014467,0.5605808109578896,0.0745232633451375,0.018516784221086227,0.3395954386893655,0.16342849094208778,0.07697593364345641,0.040217895640321834,0.05849907578869786,0.010147568325544564,0.06705150434457373,0.015840605545481275,0.15042736331951112,1.0,0.18386053393941876,0.0003684153134581839,0.17014543680712604,0.014248405105133335,0.04184360285096617,0.02006513434282517,0.03257637598107032,0.027683935385363553,0.026914731834699078,0.16111297262360916,0.0269591528537988,0.05467807928626014,0.007830855455876182,0.011844908621591717,0.04905498217936081,0.06088142239863202,0.03566712940517796,0.005963419884557008,0.03360724540873193,0.05350174850787426,0.03779058392624739,0.03432508818302285,0.11151582752668363,0.07644060533529622,0.040040061022494355,0.005123260863768525,0.00832439982617016,0.04458417844174037,0.057251786018645286,0.032011877255000674,0.06547877369633037,0.01902975572883571,0.20439490189462467,0.03216328251269393,0.0028845273758098555,0.012066736005733342,0.3853552928865977,0.011968641849108348,0.1184268176217851,0.06547877369632357,0.008459902861402335,0.6757965425586107,0.08037661392266651,0.11462910316003806,0.2103042479274717,0.238619352702763,0.21480702423407794,0.09937992369050841,0.4614926148510966,0.03792794342697758,0.007520692497228027,0.09685971586003114,0.06729728491411502,0.0002865491310673696,0.022513650297522975,0.024175781335579027,0.06184125436223264,0.016429741112479454,0.036628962206196214,0.03495509279136078,0.04457261186668118,0.028259189341148433,0.04182359393696333,0.0255557743764149,0.009019361004027657,0.15792863977420413
21,0.254755682540149,0.10938087973049453,0.1692476435416413,0.03385890490052669,0.0020742736443503137,0.0516088030008337,0.18827906039435444,0.07915012340520412,0.24975055503158367,0.037452135394992536,0.050812201014705204,0.3436439791037145,0.3156140264865398,0.10149547739019804,0.09171978657646944,0.06613923801990126,0.12070239916234995,0.3987275737284683,0.04992703910638973,0.1763549504674572,0.18386053393941876,1.0,0.015204826107118553,0.09724352756148502,0.13069131335719267,0.17998644400465472,0.16244301136917172,0.10897011847203436,0.02106012969375002,0.06589687848578225,0.278151910203446,0.041056489358045026,0.0690101714658405,0.023124823719050853,0.10555343492390903,0.00047829620641173066,0.046061060376592355,0.10794039627737603,0.03256014713564913,0.25242733183483657,0.017048990384806277,0.09507208263691702,0.10616263009262095,0.025261564525205584,0.16227504264462467,0.09074401833405141,0.003092956813813243,0.0013160776390666955,0.08331589137926103,0.0681137683944659,0.18193956228087824,0.057114744450023416,0.01890565206511585,0.4948454163893526,0.16036744574924663,0.022597048350924336,0.03163609942888236,0.3200370870704028,0.08151113629572039,0.023630584855180645,0.057114744450023396,0.12934384997228132,0.24443765191545197,0.1567912210940501,0.02295004267622146,0.44490821515310375,0.07748157543195491,0.46538293718450513,0.03191735143099144,0.0840247184515584,0.012381693471399322,0.005521720691647834,0.035138246170133704,0.16074104932153147,0.026404276748936733,0.09005547328703513,0.02047598752657148,0.1089813036249788,0.045589009539979714,0.10793036703615982,0.10612729051325889,0.2387140004212298,0.08954971513811774,0.08840926732744134,0.18572904964771617,0.05071437878654501,0.7242978496037712
