,0,1,2,3,4,5,6
0,1.0,0.09330864106002013,0.9392935734712227,0.11104105035228533,0.16249690226023303,0.11522129566458506,0.10352168250844684
1,0.09330864106002013,1.0,0.08026194203342318,0.3870950920497955,0.1567567384468753,0.5406756606740813,0.014638162663766366
2,0.9392935734712227,0.08026194203342318,1.0,0.15559877738389438,0.16322270216928972,0.11601288591421959,0.0997426567549111
3,0.11104105035228533,0.3870950920497955,0.15559877738389438,1.0,0.40205940027771525,0.22332743998030183,0.3549883125390193
4,0.16249690226023303,0.1567567384468753,0.16322270216928972,0.40205940027771525,1.0,0.29895978122374556,0.4019613847760218
5,0.11522129566458506,0.5406756606740813,0.11601288591421959,0.22332743998030183,0.29895978122374556,1.0,0.43720539618123705
6,0.10352168250844684,0.014638162663766366,0.0997426567549111,0.3549883125390193,0.4019613847760218,0.43720539618123705,1.0
