,0,1,2,3,4,5,6,7
0,1.0,0.8046191435443824,0.8847162481450025,0.011669697210965491,0.013519042002933709,0.24686446490215272,0.26037140580681645,0.8657338607655113
1,0.8046191435443824,1.0,0.6754801267438304,0.013443649758316195,0.01000704463283409,0.11626131580302912,0.1419806978250772,0.7247474446336665
2,0.8847162481450025,0.6754801267438304,1.0,0.009946193196375587,0.011986502406788594,0.27110526759484,0.2807177977350601,0.9446029342789829
3,0.011669697210965491,0.013443649758316195,0.009946193196375587,1.0,0.010580920927588855,0.655714731963685,0.6441010192213288,0.23292830395359743
4,0.013519042002933709,0.01000704463283409,0.011986502406788594,0.010580920927588855,1.0,0.6907621142658722,0.6769572883228705,0.2470207977758858
5,0.24686446490215272,0.11626131580302912,0.27110526759484,0.655714731963685,0.6907621142658722,1.0,0.9934760983423732,0.30905754607556074
6,0.26037140580681645,0.1419806978250772,0.2807177977350601,0.6441010192213288,0.6769572883228705,0.9934760983423732,1.0,0.34783677067535845
7,0.8657338607655113,0.7247474446336665,0.9446029342789829,0.23292830395359743,0.2470207977758858,0.30905754607556074,0.34783677067535845,1.0
