,0,1,2,3,4,5,6,7,8
0,1.0,0.16825019838755165,0.5123070092832975,0.060472218836750156,0.33127144486399834,0.21657255972995787,0.16574812063708033,0.1387098158421376,0.6719335496747229
1,0.16825019838755165,1.0,0.043584578946140456,0.10658267872335844,0.16423060251566565,0.216219736516101,0.16081594375679867,0.14843312943897294,0.3527707446406552
2,0.5123070092832975,0.043584578946140456,1.0,0.07973539193627943,0.19807218440612287,0.2600575798938071,0.10508510111768557,0.07134394974269415,0.44544223262266797
3,0.060472218836750156,0.10658267872335844,0.07973539193627943,1.0,0.11271992211524764,0.29463091197786345,0.15575380305657133,0.008864123927557078,0.25437319825832927
4,0.33127144486399834,0.16423060251566565,0.19807218440612287,0.11271992211524764,1.0,0.33843811908267013,0.403540560796304,0.33580414003029974,0.3724269162129971
5,0.21657255972995787,0.216219736516101,0.2600575798938071,0.29463091197786345,0.33843811908267013,1.0,0.12274506411008433,0.07880335138969971,0.6621923132257648
6,0.16574812063708033,0.16081594375679867,0.10508510111768557,0.15575380305657133,0.403540560796304,0.12274506411008433,1.0,0.5078228797527786,0.31592708639306144
7,0.1387098158421376,0.14843312943897294,0.07134394974269415,0.008864123927557078,0.33580414003029974,0.07880335138969971,0.5078228797527786,1.0,0.6322283752742333
8,0.6719335496747229,0.3527707446406552,0.44544223262266797,0.25437319825832927,0.3724269162129971,0.6621923132257648,0.31592708639306144,0.6322283752742333,1.0
